CRAMER TEST - COEFFICIENT V

|          |      race |   fulltime |   fam_inc |      male |   pass_bar |      tier |
|:---------|----------:|-----------:|----------:|----------:|-----------:|----------:|
| race     | 1         |  0.0303889 | 0.121     | 0.0963819 |  0.220314  | 0.125303  |
| fulltime | 0.0303889 |  0.999685  | 0.0769144 | 0         |  0.0661584 | 0.109763  |
| fam_inc  | 0.121     |  0.0769144 | 1         | 0.0482339 |  0.0867781 | 0.0657072 |
| male     | 0.0963819 |  0         | 0.0482339 | 0.999909  |  0.0211153 | 0.0469547 |
| pass_bar | 0.220314  |  0.0661584 | 0.0867781 | 0.0211153 |  0.999549  | 0.14156   |
| tier     | 0.125303  |  0.109763  | 0.0657072 | 0.0469547 |  0.14156   | 1         |